Q Matrix:
[[0.83592497 0.83582277 0.37355881 0.76588703]
 [0.7480778  0.28999815 0.04483614 0.11085101]
 [0.37810317 0.6358655  0.40802348 0.04698211]
 [0.3658956  0.14818158 0.46061117 0.49966065]
 [0.54388693 0.24950058 0.65087033 0.81454595]
 [0.18019583 0.28426061 0.14865342 0.77762077]
 [0.58610402 0.12837673 0.59775144 0.08959566]
 [0.98769131 0.71619125 0.68891617 0.26754005]
 [0.12526692 0.76941756 0.58852063 0.69882249]
 [0.33466424 0.47452198 0.41493323 0.27108116]
 [0.48306425 0.81442361 0.78175085 0.3355643 ]
 [0.40834945 0.63696062 0.4637569  0.68312984]]

K Matrix:
[[0.83592497 0.83582277 0.37355881 0.76588703]
 [0.7480778  0.28999815 0.04483614 0.11085101]
 [0.37810317 0.6358655  0.40802348 0.04698211]
 [0.3658956  0.14818158 0.46061117 0.49966065]
 [0.54388693 0.24950058 0.65087033 0.81454595]
 [0.18019583 0.28426061 0.14865342 0.77762077]
 [0.58610402 0.12837673 0.59775144 0.08959566]
 [0.98769131 0.71619125 0.68891617 0.26754005]
 [0.12526692 0.76941756 0.58852063 0.69882249]
 [0.33466424 0.47452198 0.41493323 0.27108116]
 [0.48306425 0.81442361 0.78175085 0.3355643 ]
 [0.40834945 0.63696062 0.4637569  0.68312984]]

V Matrix:
[[0.83592497 0.83582277 0.37355881 0.76588703]
 [0.7480778  0.28999815 0.04483614 0.11085101]
 [0.37810317 0.6358655  0.40802348 0.04698211]
 [0.3658956  0.14818158 0.46061117 0.49966065]
 [0.54388693 0.24950058 0.65087033 0.81454595]
 [0.18019583 0.28426061 0.14865342 0.77762077]
 [0.58610402 0.12837673 0.59775144 0.08959566]
 [0.98769131 0.71619125 0.68891617 0.26754005]
 [0.12526692 0.76941756 0.58852063 0.69882249]
 [0.33466424 0.47452198 0.41493323 0.27108116]
 [0.48306425 0.81442361 0.78175085 0.3355643 ]
 [0.40834945 0.63696062 0.4637569  0.68312984]]

Output Matrix:
[[0.52419722 0.53731414 0.48546629 0.47286887]
 [0.52226262 0.51301032 0.4739011  0.44573124]
 [0.51379184 0.52500605 0.48351066 0.44820591]
 [0.50692388 0.51130778 0.48045867 0.46366481]
 [0.51106683 0.51845485 0.48552941 0.47454962]
 [0.49843884 0.51332172 0.47460816 0.47662712]
 [0.51781358 0.51125732 0.48373378 0.44577462]
 [0.53335787 0.5347266  0.49159974 0.45195207]
 [0.5013068  0.53217708 0.48726942 0.47567136]
 [0.5096069  0.5205582  0.48214971 0.45648587]
 [0.51687357 0.5358284  0.49276258 0.45900411]
 [0.50957447 0.52841828 0.48453434 0.47229966]]

